471 11. Calculated (Transient-) Absorption Energies and Transition Dipoles at 
472 the Minima 
473 S0 Minimum: 
474 ----------------------------------------------------------------------------- 
475 ABSORPTION SPECTRUM VIA TRANSITION ELECTRIC DIPOLE MOMENTS 
476 ----------------------------------------------------------------------------- 
477 State Energy Wavelength fosc T2 TX TY TZ 
478 (cm-1) (nm) (au**2) (au) (au) (au) 
479 ----------------------------------------------------------------------------- 
480 1 24949.6 400.8 0.500180264 6.59993 -2.52963 -0.44824 -0.00071 
481 2 30453.6 328.4 0.002719401 0.02940 0.00032 0.00021 -0.17146 
482 3 32603.4 306.7 0.172287153 1.73967 1.21262 -0.51887 0.00009 
483 4 33991.8 294.2 0.000054868 0.00053 -0.00057 -0.00007 0.02304 
484 5 37531.7 266.4 0.388345466 3.40640 -1.75621 0.56755 -0.00048 
485 6 39009.2 256.3 0.729034409 6.15257 2.09466 -1.32852 0.00046 
486 7 40311.7 248.1 0.000055871 0.00046 -0.00161 -0.00218 0.02119 
487 8 40975.5 244.0 0.042931185 0.34492 0.58688 0.02221 0.00029 
488 9 41007.5 243.9 0.000020130 0.00016 -0.00587 0.00196 -0.01111 
489 10 50018.2 199.9 0.001091577 0.00718 0.00064 -0.00028 -0.08476 
490 11 44022.6 227.2 0.106277500 0.79477 -0.63449 -0.62626 -0.00026 
491 12 50689.4 197.3 0.232255834 1.50843 -0.79607 -0.93525 -0.00033 
492 13 55090.0 181.5 0.005040349 0.03012 -0.00016 -0.00090 -0.17355 
493 14 51375.8 194.6 0.692333635 4.43642 2.10117 -0.14666 0.00104 
494 15 56176.9 178.0 0.025476159 0.14930 -0.00213 0.00053 0.38638 
495 16 56782.5 176.1 0.006874126 0.03985 -0.09408 -0.17608 0.00003 
496 17 56701.8 176.4 0.000013758 0.00008 0.00020 -0.00015 0.00893 
497 18 45893.8 217.9 0.000079936 0.00057 -0.00005 0.00027 0.02394 
498 19 57826.0 172.9 0.009123355 0.05194 0.00005 0.00047 -0.22790 
499 20 55209.2 181.1 0.108833044 0.64897 -0.17870 0.78552 0.00044 
500 
501 
502 ----------------------------------------------------------------------------- 
503 TRANSIENT ABSORPTION SPECTRUM VIA TRANSITION ELECTRIC DIPOLE MOMENTS 
504 ----------------------------------------------------------------------------- 
505 State Energy Wavelength fosc T2 TX TY TZ 
506 (cm-1) (nm) (au**2) (au) (au) (au) 
507 ----------------------------------------------------------------------------- 
508 2 5504.0 1816.9 0.000020475 0.00122 0.00034 0.00061 0.03499 
509 3 7653.8 1306.5 0.006340807 0.27274 -0.40515 -0.32953 -0.00014 
510 4 9042.3 1105.9 0.000000822 0.00003 0.00090 0.00044 -0.00538 
511 5 12582.2 794.8 0.009010832 0.23577 0.47662 0.09276 0.00011 
512 6 14059.6 711.3 0.038770372 0.90782 0.85674 -0.41693 0.00008 
513 7 15362.1 651.0 0.000115292 0.00247 -0.00349 -0.00691 0.04910 
514 8 16025.9 624.0 0.048446519 0.99521 0.59171 0.80318 0.00058 
515 9 16057.9 622.7 0.000045046 0.00092 -0.00582 -0.00132 0.02980 
516 10 25068.7 398.9 0.005685801 0.07467 -0.00026 0.00039 0.27325 
517 11 19073.0 524.3 0.504370785 8.70575 -2.69995 1.18997 -0.00082 
518 12 25739.8 388.5 0.145905122 1.86612 1.17909 -0.68983 0.00036 
519 13 30140.5 331.8 0.001615335 0.01764 0.00087 -0.00011 0.13283 
520 14 26426.2 378.4 0.066953669 0.83409 -0.90777 -0.10024 -0.00034 
521 15 31227.4 320.2 0.000513310 0.00541 0.00042 -0.00012 -0.07356 
522 16 31833.0 314.1 0.010109780 0.10455 -0.00308 0.32333 0.00010 
523 17 31752.3 314.9 0.000458026 0.00475 0.00006 0.00004 0.06891 
524 18 20944.2 477.5 0.000305899 0.00481 -0.00007 -0.00055 0.06934 
525 19 32876.5 304.2 0.001887150 0.01890 -0.00082 -0.00037 0.13746 
526 20 30259.6 330.5 0.166807338 1.81479 -0.97542 -0.92916 -0.00021 
527 
528 S1 Minimum: 
529 ----------------------------------------------------------------------------- 
530 ABSORPTION SPECTRUM VIA TRANSITION ELECTRIC DIPOLE MOMENTS 
531 ----------------------------------------------------------------------------- 
532 State Energy Wavelength fosc T2 TX TY TZ 
533 (cm-1) (nm) (au**2) (au) (au) (au) 
534 ----------------------------------------------------------------------------- 
535 1 20000.4 500.0 0.540587228 8.89822 -2.92201 -0.60005 -0.00102 
536 2 28946.3 345.5 0.307790762 3.50056 1.66954 -0.84452 0.00183 
537 3 29769.4 335.9 0.003812264 0.04216 0.01752 -0.00755 -0.20444 
538 4 32033.9 312.2 0.000153990 0.00158 -0.00128 0.00047 0.03976 
539 5 35995.0 277.8 0.564187350 5.16009 -1.99789 1.08098 -0.00028 
540 6 35188.9 284.2 0.597887057 5.59356 1.97683 -1.29835 0.00091 
541 7 37889.0 263.9 0.000035199 0.00031 -0.00088 0.00045 -0.01746 
542 8 39425.8 253.6 0.006761414 0.05646 0.20652 -0.11751 0.00000 
543 9 48503.9 206.2 0.001846388 0.01253 -0.00043 0.00003 0.11195 
544 10 39932.7 250.4 0.000080162 0.00066 0.00328 -0.00061 0.02549 
545 11 42330.9 236.2 0.295297743 2.29656 -1.21365 -0.90753 -0.00056 
546 12 47376.4 211.1 0.348686341 2.42297 1.25748 0.91746 0.00092 
547 13 53540.4 186.8 0.009607262 0.05907 -0.00050 -0.00079 -0.24305 
548 14 51937.3 192.5 0.335139256 2.12433 1.41662 -0.34279 0.00129 
549 15 54776.8 182.6 0.022783270 0.13693 -0.00305 0.00047 0.37003 
550 16 54073.4 184.9 0.048954934 0.29805 -0.51386 -0.18437 -0.00044 
551 17 51749.3 193.2 0.170308478 1.08345 -0.39650 0.96241 0.00121 
552 18 52193.7 191.6 0.243810153 1.53783 -0.00847 1.24007 0.00064 
553 19 44859.8 222.9 0.000129268 0.00095 -0.00051 0.00225 -0.03071 
554 20 56620.6 176.6 0.007010349 0.04076 -0.00003 -0.00064 -0.20189 
555 
556 
557 ----------------------------------------------------------------------------- 
558 TRANSIENT ABSORPTION SPECTRUM VIA TRANSITION ELECTRIC DIPOLE MOMENTS 
559 ----------------------------------------------------------------------------- 
560 State Energy Wavelength fosc T2 TX TY TZ 
561 (cm-1) (nm) (au**2) (au) (au) (au) 
562 ----------------------------------------------------------------------------- 
563 2 8945.9 1117.8 0.017932463 0.65992 -0.72188 -0.37256 -0.00072 
564 3 9769.0 1023.6 0.000068735 0.00232 -0.00636 -0.00258 0.04764 
565 4 12033.5 831.0 0.000006197 0.00017 0.00161 0.00046 -0.01291 
566 5 15994.6 625.2 0.008234638 0.16949 0.41076 0.02774 -0.00019 
567 6 15188.6 658.4 0.058215964 1.26183 1.07380 -0.32984 0.00026 
568 7 17888.6 559.0 0.000168988 0.00311 0.00061 -0.00313 -0.05568 
569 8 19425.4 514.8 0.062071193 1.05195 -0.09012 1.02168 -0.00044 
570 9 28503.5 350.8 0.005571161 0.06435 0.00088 -0.00091 -0.25366 
571 10 19932.3 501.7 0.000058597 0.00097 0.00557 -0.00001 -0.03061 
572 11 22330.5 447.8 0.444871535 6.55860 -2.43277 0.80015 -0.00089 
573 12 27376.0 365.3 0.213828544 2.57141 -1.38339 0.81095 -0.00056 
574 13 33540.0 298.2 0.001328237 0.01304 0.00063 0.00048 0.11418 
575 14 31936.9 313.1 0.085369054 0.88000 -0.93737 0.03669 -0.00039 
576 15 34776.5 287.6 0.000047347 0.00045 0.00221 -0.00029 -0.02105 
577 16 34073.0 293.5 0.092250758 0.89132 0.70654 0.62620 0.00027 
578 17 31748.9 315.0 0.143654101 1.48958 -0.89338 -0.83154 -0.00021 
579 18 32193.3 310.6 0.066280277 0.67779 0.76863 0.29496 0.00014 
580 19 24859.4 402.3 0.000373425 0.00495 0.00206 0.00099 -0.07029 
581 20 36620.2 273.1 0.000782748 0.00704 -0.00157 -0.00079 0.08387 
582 
